0.000000 
0.000000 
0.010000 
0.029900 
0.059541 
0.098706 
0.147122 
0.204462 
0.270346 
0.344344 
0.425980 
0.514734 
0.610044 
0.711313 
0.817909 
0.929171 
1.044413 
1.162927 
1.283990 
1.406864 
1.530806 
1.655068 
1.778902 
1.901567 
2.022332 
2.140480 
2.255312 
2.366154 
2.472355 
2.573297 
2.668395 
2.757103 
2.838914 
2.913363 
2.980035 
3.038560 
3.088619 
3.129946 
3.162329 
3.185608 
3.199680 
3.204497 
3.200069 
3.186458 
3.163782 
3.132215 
3.091980 
3.043355 
2.986664 
2.922279 
2.850619 
2.772141 
2.687345 
2.596763 
2.500964 
2.400542 
2.296118 
2.188335 
2.077853 
1.965347 
1.851498 
1.736995 
1.622529 
1.508785 
1.396444 
1.286173 
1.178626 
1.074438 
0.974220 
0.878557 
0.788006 
0.703089 
0.624293 
0.552066 
0.486816 
0.428906 
0.378654 
0.336332 
0.302160 
0.276313 
0.258910 
0.250024 
0.249674 
0.257827 
0.274400 
0.299260 
0.332226 
0.373066 
0.421505 
0.477220 
0.539850 
0.608990 
0.684199 
0.765003 
0.850893 
0.941334 
1.035766 
1.133605 
1.234251 
1.337089 
1.441493 
1.546831 
1.652466 
1.757764 
1.862094 
1.964835 
2.065375 
2.163121 
2.257497 
2.347951 
2.433955 
2.515012 
2.590654 
2.660449 
2.724003 
2.780959 
2.831001 
2.873856 
2.909298 
2.937141 
2.957251 
2.969536 
2.973956 
2.970513 
2.959262 
2.940300 
2.913772 
2.879867 
2.838819 
2.790902 
2.736431 
2.675760 
2.609277 
2.537404 
2.460594 
2.379328 
2.294111 
2.205470 
2.113951 
2.020114 
1.924532 
1.827785 
1.730458 
1.633138 
1.536408 
1.440847 
1.347023 
1.255492 
1.166794 
1.081451 
0.999960 
0.922795 
0.850402 
0.783196 
0.721560 
0.665841 
0.616350 
0.573359 
0.537099 
0.507762 
0.485496 
0.470406 
0.462554 
0.461958 
0.468592 
0.482389 
0.503236 
0.530980 
0.565427 
0.606344 
0.653459 
0.706465 
0.765020 
0.828751 
0.897254 
0.970100 
1.046834 
1.126980 
1.210043 
1.295514 
1.382870 
1.471580 
1.561105 
1.650905 
1.740441 
1.829175 
1.916580 
2.002136 
2.085337 
2.165693 
2.242733 
2.316009 
2.385095 
2.449595 
2.509139 
2.563390 
2.612044 
2.654831 
2.691518 
2.721909 
2.745847 
2.763214 
2.773932 
2.777964 
2.775312 
2.766018 
2.750166 
2.727876 
2.699308 
2.664659 
2.624160 
2.578078 
2.526712 
2.470391 
2.409473 
2.344342 
2.275406 
2.203092 
2.127850 
2.050141 
1.970443 
1.889240 
1.807027 
1.724300 
1.641559 
1.559299 
1.478013 
1.398183 
1.320284 
1.244775 
1.172099 
1.102681 
1.036925 
0.975210 
0.917891 
0.865293 
0.817715 
0.775420 
0.738642 
0.707579 
0.682396 
0.663218 
0.650138 
0.643209 
0.642449 
0.647837 
0.659317 
0.676795 
0.700142 
0.729195 
0.763756 
0.803597 
0.848456 
0.898046 
0.952049 
1.010124 
1.071905 
1.137008 
1.205029 
1.275547 
1.348130 
1.422334 
1.497707 
1.573792 
1.650130 
1.726262 
1.801732 
1.876090 
1.948894 
2.019713 
2.088131 
2.153746 
2.216176 
2.275059 
2.330057 
2.380854 
2.427163 
2.468724 
2.505306 
2.536710 
2.562768 
2.583345 
2.598340 
2.607685 
2.611346 
2.609324 
2.601655 
2.588407 
2.569681 
2.545612 
2.516365 
2.482137 
2.443154 
2.399667 
2.351956 
2.300325 
2.245098 
2.186621 
2.125259 
2.061390 
1.995409 
1.927719 
1.858733 
1.788871 
1.718555 
1.648209 
1.578256 
1.509112 
1.441191 
1.374894 
1.310613 
1.248725 
1.189592 
1.133559 
1.080948 
1.032062 
0.987179 
0.946553 
0.910410 
0.878948 
0.852340 
0.830723 
0.814209 
0.802875 
0.796770 
0.795908 
0.800274 
0.809821 
0.824471 
0.844116 
0.868617 
0.897809 
0.931497 
0.969461 
1.011457 
1.057216 
1.106449 
1.158846 
1.214080 
1.271809 
1.331676 
1.393314 
1.456345 
1.520386 
1.585048 
1.649942 
1.714676 
1.778864 
1.842121 
1.904073 
1.964352 
2.022604 
2.078488 
2.131677 
2.181863 
2.228758 
2.272092 
2.311620 
2.347121 
2.378397 
2.405277 
2.427618 
2.445304 
2.458248 
2.466390 
2.469701 
2.468181 
2.461858 
2.450789 
2.435059 
2.414782 
2.390098 
2.361172 
2.328194 
2.291379 
2.250963 
2.207203 
2.160375 
2.110772 
2.058702 
2.004489 
1.948466 
